"Comuna_1987_Origen3","n"
0,1452635
13101,299983
8101,292005
5101,258996
5109,257199
13110,244835
9101,204797
99999,202905
2101,192679
13104,191524
13114,190844
13119,167309
13401,165849
6101,163684
13120,163537
7101,153539
15101,151406
13201,148150
8401,148016
13109,145303
13122,144036
8110,141931
13103,132835
13106,127263
13130,122826
8301,121776
1101,120257
13111,117874
13128,117104
10301,116984
13127,115850
13126,115543
13124,112976
13105,111448
14101,110663
10101,107717
2201,107648
13112,104769
4101,104369
12101,101674
13118,101486
13123,100485
4102,99102
13117,96240
13129,92154
7301,91522
13121,91081
13131,89075
13116,88124
5106,87205
3101,80605
13113,79597
4301,77062
7401,71055
8102,70995
13501,70754
5601,68065
8112,67696
13605,66260
5501,59508
5108,57125
13108,55654
842,50970
13102,50374
6301,49908
8106,49097
13132,48501
5701,47326
8111,45850
8416,44719
5301,44643
13107,44124
3301,43491
13402,43183
5502,41844
9201,40613
7201,38885
13301,37268
11101,37146
6115,36256
7404,36027
8107,35583
13601,35140
7102,34640
14201,34630
7406,33241
7109,33032
7304,32241
6117,31698
10202,31662
9120,31164
13404,31142
8205,30865
5505,30768
9211,30143
14204,30061
8305,27675
4201,27383
14108,27358
6310,27105
13125,27024
9108,26977
6303,26706
8202,26300
9111,25971
3202,25963
10201,25454
8203,25323
4303,25243
7403,25074
9102,23695
2301,23524
5401,23469
10102,23450
13115,23125
8304,22929
8201,22734
8306,22268
10109,22063
9109,20974
7308,20833
9105,20778
4204,20728
9202,20150
8405,20092
8313,19909
13302,19750
6106,19559
9210,19199
6108,19114
13602,19029
4106,18843
8303,18698
10303,18498
9119,18461
5703,18316
8402,18214
9114,17704
13603,17430
7405,17413
14104,16807
14107,16693
9203,16598
13503,16437
5506,16389
9103,16180
2302,16083
12401,15889
5402,15729
6110,15559
6116,15412
8404,15375
7402,15334
10106,15255
6107,15143
11201,15086
14106,15035
10305,15019
7307,14949
10108,14937
6113,14862
8418,14746
5107,14606
5102,14589
8105,14533
4302,14264
8206,14217
7407,13832
8421,13782
10107,13630
7408,13498
4203,13448
9116,13357
9107,13273
8407,13261
8413,13215
6104,13022
9106,13004
6302,12934
3201,12915
7106,12898
9208,12761
6105,12508
10104,12154
14202,12049
6305,12007
9117,11958
5503,11935
14103,11843
8311,11788
7103,11729
6112,11712
4103,11703
9115,11672
10208,11665
7108,11639
9207,11632
5705,11601
7105,11519
8409,11518
9118,11404
10105,11302
5507,11173
8109,11155
8312,11034
13303,10854
6109,10702
8414,10340
5702,10271
5304,10233
8104,10220
4202,10148
8309,9951
7306,9923
10307,9910
13203,9863
10304,9852
5603,9797
5706,9734
6306,9719
13100,9678
13403,9631
6201,9493
10302,9486
14203,9484
6114,9332
10203,9179
2104,9132
5504,9071
7202,9044
5404,8982
10306,8936
13202,8910
9206,8602
9205,8541
4304,8463
7302,8463
8419,8460
5105,8416
6307,8398
3103,8387
10210,8343
10209,8271
9209,8249
6111,8232
858,8220
6102,8180
8410,8180
8411,8128
9204,8022
5302,7855
3102,7788
8204,7753
7107,7530
13504,7491
8207,7479
9121,7325
848,7126
7305,7089
6308,6903
3304,6853
6206,6809
13505,6715
8307,6704
10403,6333
14105,6286
6304,6280
8408,6239
10401,6207
8403,6176
8412,5978
8415,5946
10205,5763
9113,5577
6204,5548
6205,5380
7303,5337
2102,5299
8420,5294
6103,5260
14102,5150
9104,5140
5606,5052
5704,5045
6203,4913
3303,4878
4305,4857
5602,4841
888,4832
9110,4824
876,4819
5303,4807
7203,4613
5604,4575
12301,4499
10207,4467
1401,4456
8314,4347
7309,4257
8302,4197
3302,4178
8308,4176
8310,4116
7104,3934
10103,3893
10206,3823
6309,3714
5405,3699
4105,3626
8417,3531
11401,3497
914,3361
13502,3343
5403,3252
1107,3195
4104,3190
5605,3125
11202,3071
847,2967
856,2937
10204,2878
11402,2870
6202,2677
2203,2627
11301,2325
5201,2263
10404,2115
901,2095
850,2089
918,2045
9100,1895
1405,1874
15201,1848
944,1842
1404,1672
8400,1656
1403,1533
10402,1523
10200,1495
960,1456
1402,1414
924,1255
851,1184
928,1163
886,1156
12201,1154
11203,1076
945,1074
12302,1044
12104,1008
871,1007
15202,883
11102,880
8100,867
875,846
9200,844
15102,782
2103,741
8300,701
14100,656
6300,643
5100,642
853,634
907,628
803,568
902,520
852,499
5104,495
802,492
7100,472
922,466
2100,451
10300,431
8000,426
6100,422
794,397
874,385
938,379
15100,372
2202,357
9000,353
1100,320
11303,314
4300,310
13400,307
4100,306
11302,304
7300,285
6000,267
789,263
791,263
7400,261
905,258
949,249
5000,247
12102,234
12402,227
12103,218
8200,217
7000,213
747,210
12303,207
12202,204
912,202
855,193
13000,192
12300,188
10100,180
921,178
798,176
867,175
4000,166
1000,162
12100,152
873,148
2200,139
3000,139
968,136
790,133
4200,132
795,130
13300,124
6200,118
863,114
5600,114
10000,114
857,113
3100,108
5700,105
917,91
5500,91
2000,89
877,87
15200,86
5300,79
12400,76
817,75
940,74
3200,73
942,72
951,71
13500,71
7200,63
923,61
713,60
970,57
952,56
2300,56
732,54
13200,52
702,49
913,49
11100,49
13600,48
10400,47
804,46
818,46
799,45
819,45
11400,45
909,43
998,43
941,42
841,41
925,40
823,39
950,39
3300,38
749,36
843,36
11200,34
12000,34
742,31
903,31
800,30
808,30
815,30
11000,30
781,29
844,28
939,28
816,26
5400,26
788,25
845,25
753,24
883,23
927,23
710,22
725,22
735,21
783,21
797,21
866,21
729,20
752,20
814,20
840,19
801,18
884,18
948,18
721,17
846,16
849,16
868,16
967,16
5200,16
15000,16
11300,15
707,14
714,14
717,14
741,13
751,13
919,13
934,13
810,12
12200,12
731,11
805,11
701,10
705,10
722,10
754,10
792,10
809,10
813,10
820,10
878,10
793,9
806,9
872,9
704,8
728,8
733,8
745,8
854,8
879,8
900,8
910,8
976,8
14000,8
715,7
723,7
859,7
966,7
718,6
720,6
785,6
860,6
862,6
865,6
904,6
906,6
915,6
730,5
784,5
861,5
926,5
943,5
706,4
711,4
727,4
748,4
822,4
885,4
936,4
971,4
974,4
709,3
724,3
726,3
734,3
739,3
750,3
929,3
930,3
931,3
933,3
719,2
743,2
782,2
786,2
812,2
864,2
869,2
870,2
882,2
889,2
908,2
916,2
920,2
937,2
700,1
712,1
737,1
744,1
746,1
780,1
807,1
811,1
881,1
935,1
961,1
963,1
1400,1
